[CameraParameter]
fx = 626.257
fy = 625.976
cx = 336.609
cy = 235.858